         0	         0	         0	         0	         1	         0	         0	        49	         0
         0	         0	         0	         0	        50	         0	         0	         0	         0
         0	         0	         0	         0	        50	         0	         0	         0	         0
         0	         0	         0	         0	         0	         0	         0	        50	         0
         0	         0	         0	         1	        49	         0	         0	         0	         0
         0	         1	         0	         0	        49	         0	         0	         0	         0
         0	         0	         0	         0	         0	         0	         0	        50	         0
         0	         0	         0	         0	         0	         0	         0	        50	         0
         0	         0	         0	         0	        50	         0	         0	         0	         0
         0	         0	         0	         0	        50	         0	         0	         0	         0
         0	         0	         0	         0	         0	         0	         0	        50	         0
         0	         0	         0	         0	        50	         0	         0	         0	         0
         0	         0	         0	         0	         0	         0	         0	        50	         0
         0	         0	         0	         0	        50	         0	         0	         0	         0
         0	         0	         0	         0	        50	         0	         0	         0	         0
         0	         0	         0	         0	         0	         0	         0	        50	         0
         0	         0	         0	         0	        50	         0	         0	         0	         0
         0	         0	         0	         0	        50	         0	         0	         0	         0
         0	         0	         0	         1	        49	         0	         0	         0	         0
         0	         0	         0	         0	        50	         0	         0	         0	         0
         0	         0	         0	         0	        50	         0	         0	         0	         0
         0	         0	         0	         0	         0	         0	         0	        50	         0
         0	         0	         0	         0	        50	         0	         0	         0	         0
         0	         0	         0	         0	         0	         0	         0	        50	         0
         0	         0	         0	         0	         0	         0	         0	        50	         0
         0	         0	         0	         0	        50	         0	         0	         0	         0
         0	         0	         0	         0	        50	         0	         0	         0	         0
         0	         0	         0	         0	         0	         0	         0	        50	         0
         0	         0	         0	         0	         0	         0	         0	        50	         0
         0	         0	         0	         0	        50	         0	         0	         0	         0
         0	         0	         0	         0	         0	         0	         0	        50	         0
         0	         0	         0	         0	         0	         0	         0	        50	         0
         0	         0	         0	         0	        50	         0	         0	         0	         0
         0	         0	         0	         0	         0	         0	         0	        50	         0
         0	         0	         0	         0	         0	         0	         0	        50	         0
         0	         0	         0	         0	        50	         0	         0	         0	         0
         0	         0	         0	         0	        50	         0	         0	         0	         0
         0	         0	         0	         0	         1	         0	         0	        49	         0
         0	         0	         0	         0	         0	         0	         1	        49	         0
         0	         0	         0	         0	        50	         0	         0	         0	         0
         0	         0	         0	         0	         0	         0	         0	        50	         0
         0	         0	         0	         0	         1	         0	         2	        47	         0
         0	         0	         0	         0	         1	         0	         0	        49	         0
         0	         0	         0	         0	        50	         0	         0	         0	         0
         0	         0	         0	         1	        49	         0	         0	         0	         0
         0	         0	         0	         0	         0	         0	         1	        49	         0
         0	         0	         0	         0	         0	         0	         0	        50	         0
         0	         0	         0	         0	        50	         0	         0	         0	         0
         0	         0	         0	         0	        50	         0	         0	         0	         0
         0	         0	         0	         0	        50	         0	         0	         0	         0
         0	         0	         0	         0	         0	         0	         0	        50	         0
         0	         0	         0	         0	        50	         0	         0	         0	         0
         0	         0	         0	         0	        50	         0	         0	         0	         0
         0	         0	         0	         0	        50	         0	         0	         0	         0
         0	         0	         0	         0	         0	         0	         0	        50	         0
         0	         0	         0	         0	         0	         0	         0	        50	         0
         0	         0	         0	         0	        50	         0	         0	         0	         0
         0	         0	         0	         0	        50	         0	         0	         0	         0
         0	         0	         0	         0	        50	         0	         0	         0	         0
         0	         0	         0	         0	        50	         0	         0	         0	         0
         0	         0	         0	         0	         0	         0	         0	        50	         0
         0	         0	         0	         0	         0	         0	         0	        50	         0
         0	         0	         0	         0	        50	         0	         0	         0	         0
         0	         0	         0	         0	        50	         0	         0	         0	         0
         0	         0	         0	         0	         0	         0	         0	        50	         0
         0	         0	         0	         0	        50	         0	         0	         0	         0
         0	         0	         0	         0	         0	         0	         0	        50	         0
         0	         0	         0	         0	        50	         0	         0	         0	         0
         0	         0	         0	         0	        50	         0	         0	         0	         0
         0	         0	         0	         0	         0	         0	         0	        50	         0
         0	         0	         0	         0	        50	         0	         0	         0	         0
         0	         0	         0	         0	         0	         0	         0	        50	         0
         0	         0	         0	         0	        50	         0	         0	         0	         0
         0	         0	         0	         0	         0	         0	         0	        50	         0
         0	         0	         0	         0	        50	         0	         0	         0	         0
         0	         0	         0	         0	        50	         0	         0	         0	         0
         0	         0	         0	         0	         0	         0	         0	        50	         0
         0	         0	         0	         0	        50	         0	         0	         0	         0
         0	         0	         0	         0	        50	         0	         0	         0	         0
         0	         0	         0	         0	        50	         0	         0	         0	         0
         0	         0	         0	         0	        50	         0	         0	         0	         0
         0	         0	         0	         0	        50	         0	         0	         0	         0
         0	         0	         0	         0	        50	         0	         0	         0	         0
         0	         1	         0	         0	        49	         0	         0	         0	         0
         0	         0	         0	         0	         0	         0	         0	        50	         0
         0	         0	         0	         0	         1	         0	         1	        48	         0
         0	         0	         0	         0	         0	         0	         0	        50	         0
         0	         0	         0	         0	         0	         0	         0	        50	         0
         0	         0	         0	         0	        50	         0	         0	         0	         0
         0	         0	         0	         0	        50	         0	         0	         0	         0
         0	         0	         0	         0	        50	         0	         0	         0	         0
         0	         0	         0	         0	        50	         0	         0	         0	         0
         0	         0	         0	         0	         0	         0	         0	        50	         0
         0	         0	         0	         0	        50	         0	         0	         0	         0
         0	         0	         0	         2	        48	         0	         0	         0	         0
         0	         0	         0	         0	        50	         0	         0	         0	         0
         0	         0	         0	         0	        50	         0	         0	         0	         0
         0	         0	         0	         0	        50	         0	         0	         0	         0
         0	         0	         0	         0	         0	         0	         0	        50	         0
         0	         0	         0	         0	         0	         0	         0	        50	         0
         0	         0	         0	         0	        50	         0	         0	         0	         0
         0	         0	         0	         0	         0	         0	         0	        50	         0
         0	         0	         0	         0	        50	         0	         0	         0	         0
         0	         1	         0	         0	        49	         0	         0	         0	         0
         0	         0	         0	         0	        50	         0	         0	         0	         0
         0	         0	         0	         0	         0	         0	         0	        50	         0
         0	         0	         0	         0	        50	         0	         0	         0	         0
         0	         0	         0	         0	         0	         0	         0	        50	         0
         0	         0	         0	         0	         0	         0	         0	        50	         0
         0	         0	         0	         0	        39	         0	         0	        11	         0
         0	         1	         0	         0	        49	         0	         0	         0	         0
         0	         0	         0	         0	        50	         0	         0	         0	         0
         0	         0	         0	         0	         0	         0	         0	        50	         0
         0	         0	         0	         0	         0	         0	         0	        50	         0
         0	         1	         0	         0	         0	         0	         0	        49	         0
         0	         0	         0	         0	         3	         0	         0	        47	         0
         0	         0	         0	         0	         0	         0	         0	        50	         0
         0	         0	         0	         0	        50	         0	         0	         0	         0
         0	         0	         0	         0	         0	         0	         0	        50	         0
         0	         1	         0	         0	        49	         0	         0	         0	         0
         0	         0	         0	         0	         0	         0	         0	        50	         0
         0	         0	         0	         0	        50	         0	         0	         0	         0
         0	         0	         0	         0	        50	         0	         0	         0	         0
         0	         0	         0	         0	        50	         0	         0	         0	         0
         0	         0	         0	         0	        50	         0	         0	         0	         0
         0	         0	         0	         0	         0	         0	         0	        50	         0
         0	         0	         0	         0	        50	         0	         0	         0	         0
         0	         0	         0	         0	        50	         0	         0	         0	         0
         0	         0	         0	         0	        50	         0	         0	         0	         0
         0	         0	         0	         0	        50	         0	         0	         0	         0
         0	         0	         0	         0	         0	         0	         0	        50	         0
         0	         0	         0	         0	         0	         0	         0	        50	         0
         0	         0	         0	         0	         0	         0	         0	        50	         0
         0	         0	         0	         0	         0	         0	         0	        50	         0
         0	         0	         0	         0	        50	         0	         0	         0	         0
         0	         0	         0	         0	         0	         0	         0	        50	         0
         0	         0	         0	         0	         0	         0	         0	        50	         0
         0	         0	         0	         0	        34	         0	         0	        16	         0
         0	         0	         0	         0	        50	         0	         0	         0	         0
         0	         0	         0	         0	         0	         0	         0	        50	         0
         0	         0	         0	         0	         0	         0	         0	        50	         0
         0	         0	         0	         0	         1	         0	         4	        45	         0
         0	         0	         0	         0	        50	         0	         0	         0	         0
         0	         0	         0	         0	        49	         0	         0	         1	         0
         0	         0	         0	         0	        50	         0	         0	         0	         0
         0	         2	         0	         0	        48	         0	         0	         0	         0
         0	         0	         0	         0	         0	         0	         0	        50	         0
         0	         0	         0	         0	         2	         0	         0	        48	         0
         0	         0	         0	         0	        50	         0	         0	         0	         0
         0	         2	         0	         0	         0	         0	         0	        48	         0
         0	         0	         0	         0	         0	         0	         0	        50	         0
         0	         0	         0	         0	        50	         0	         0	         0	         0
         0	         0	         0	         0	         0	         0	         0	        50	         0
         0	         0	         0	         0	        50	         0	         0	         0	         0
         0	         0	         0	         0	        50	         0	         0	         0	         0
         0	         0	         0	         1	        49	         0	         0	         0	         0
         0	         0	         0	         0	         0	         0	         0	        50	         0
         0	         0	         0	         0	        50	         0	         0	         0	         0
         0	         0	         0	         0	         0	         0	         0	        50	         0
         0	         0	         0	         0	         0	         0	         0	        50	         0
         0	         0	         0	         0	         0	         0	         0	        50	         0
         0	         1	         0	         0	        49	         0	         0	         0	         0
         0	         0	         0	         1	        49	         0	         0	         0	         0
         0	         0	         0	         0	         0	         0	         0	        50	         0
         0	         0	         0	         0	        50	         0	         0	         0	         0
         0	         0	         0	         0	         0	         0	         0	        50	         0
         0	         1	         0	         0	         0	         0	         0	        49	         0
         0	         0	         0	         0	        50	         0	         0	         0	         0
         0	         0	         0	         0	         0	         0	         0	        50	         0
         0	         0	         0	         0	         0	         0	         0	        50	         0
         0	         0	         0	         0	         0	         0	         0	        50	         0
         0	         0	         0	         0	        50	         0	         0	         0	         0
         0	         0	         0	         0	        50	         0	         0	         0	         0
         0	         0	         0	         0	         0	         0	         0	        50	         0
         0	         0	         0	         0	         0	         0	         0	        50	         0
         0	         0	         0	         0	         0	         0	         0	        50	         0
         0	         0	         0	         0	         0	         0	         0	        50	         0
         0	         0	         0	         0	        50	         0	         0	         0	         0
         0	         0	         0	         0	         0	         0	         0	        50	         0
         0	         0	         0	         0	        50	         0	         0	         0	         0
         0	         0	         0	         1	        49	         0	         0	         0	         0
         0	         0	         0	         0	        50	         0	         0	         0	         0
         0	         0	         0	         0	        50	         0	         0	         0	         0
         0	         0	         0	         0	        50	         0	         0	         0	         0
         0	         0	         0	         0	         0	         0	         0	        50	         0
         0	         0	         0	         0	        50	         0	         0	         0	         0
         0	         0	         0	         0	        50	         0	         0	         0	         0
         0	         0	         0	         0	         1	         0	         0	        49	         0
         0	         0	         0	         0	        50	         0	         0	         0	         0
         0	         0	         0	         0	        50	         0	         0	         0	         0
         0	         0	         0	         0	         0	         0	         0	        50	         0
         0	         0	         0	         0	         0	         0	         0	        50	         0
         0	         0	         0	         0	         0	         0	         0	        50	         0
         0	         0	         0	         0	         0	         0	         0	        50	         0
         0	         0	         0	         0	         0	         0	         0	        50	         0
         0	         0	         0	         0	         0	         0	         0	        50	         0
         0	         1	         0	         0	        49	         0	         0	         0	         0
         0	         0	         0	         0	         0	         0	         0	        50	         0
         0	         0	         0	         0	        50	         0	         0	         0	         0
         0	         0	         0	         0	         0	         0	         0	        50	         0
         0	         0	         0	         0	         0	         0	         0	        50	         0
         0	         0	         0	         0	        50	         0	         0	         0	         0
         0	         0	         0	         0	        50	         0	         0	         0	         0
         0	         0	         0	         0	        50	         0	         0	         0	         0
         0	         0	         0	         0	        50	         0	         0	         0	         0
         0	         1	         0	         0	         0	         0	         1	        48	         0
         0	         2	         0	         0	        48	         0	         0	         0	         0
         0	         0	         0	         0	        50	         0	         0	         0	         0
         0	         0	         0	         0	         0	         0	         0	        50	         0
         0	         0	         0	         0	        50	         0	         0	         0	         0
         0	         0	         0	         0	        50	         0	         0	         0	         0
         0	         0	         0	         0	         0	         0	         0	        50	         0
         0	         0	         0	         0	        41	         0	         0	         9	         0
         0	         2	         0	         0	        48	         0	         0	         0	         0
         0	         1	         0	         0	        49	         0	         0	         0	         0
         0	         0	         0	         0	         1	         0	         0	        49	         0
         0	         0	         0	         0	        50	         0	         0	         0	         0
         0	         0	         0	         0	         0	         0	         0	        50	         0
         0	         0	         0	         0	         0	         0	         0	        50	         0
         0	         0	         0	         0	        50	         0	         0	         0	         0
         0	         0	         0	         0	        50	         0	         0	         0	         0
         0	         0	         0	         1	        49	         0	         0	         0	         0
         0	         0	         0	         0	         0	         0	         0	        50	         0
         0	         0	         0	         0	         1	         0	         0	        49	         0
         0	         0	         0	         0	         0	         0	         0	        50	         0
         0	         0	         0	         0	         1	         0	         0	        49	         0
         0	         0	         0	         0	        50	         0	         0	         0	         0
         0	         0	         0	         0	        50	         0	         0	         0	         0
         0	         0	         0	         0	         0	         0	         0	        50	         0
         0	         0	         0	         0	         1	         0	         0	        49	         0
         0	         0	         0	         0	         0	         0	         0	        50	         0
         0	         0	         0	         0	         0	         0	         0	        50	         0
         0	         0	         0	         0	        50	         0	         0	         0	         0
         0	         0	         0	         0	        50	         0	         0	         0	         0
         0	         0	         0	         0	        50	         0	         0	         0	         0
         0	         0	         0	         0	        50	         0	         0	         0	         0
         0	         0	         0	         0	        50	         0	         0	         0	         0
         0	         1	         0	         0	        49	         0	         0	         0	         0
         0	         0	         0	         0	        50	         0	         0	         0	         0
         0	         0	         0	         0	         0	         0	         0	        50	         0
         0	         1	         0	         0	        49	         0	         0	         0	         0
         0	         0	         0	         0	         0	         0	         0	        50	         0
         0	         1	         0	         2	        47	         0	         0	         0	         0
         0	         0	         0	         0	         0	         0	         0	        50	         0
         0	         0	         0	         0	        50	         0	         0	         0	         0
         0	         0	         0	         0	         0	         0	         4	        46	         0
         0	         0	         0	         0	        50	         0	         0	         0	         0
         0	         0	         0	         0	         0	         0	         0	        50	         0
         0	         1	         0	         0	         0	         0	         0	        49	         0
         0	         0	         0	         0	         0	         0	         0	        50	         0
