         0	         0	         0	         0	        50	         0	         0	         0	         0
         0	         0	         0	         0	         0	         0	         0	        50	         0
         0	         0	         0	         0	        50	         0	         0	         0	         0
         0	         0	         0	         0	        50	         0	         0	         0	         0
         0	         0	         0	         0	        50	         0	         0	         0	         0
         0	         0	         0	         0	        50	         0	         0	         0	         0
         0	         0	         0	         0	        50	         0	         0	         0	         0
         0	         0	         0	         0	        50	         0	         0	         0	         0
         0	         0	         0	         0	         1	         0	         0	        49	         0
         0	         0	         0	         0	        50	         0	         0	         0	         0
         0	         0	         0	         1	        49	         0	         0	         0	         0
         0	         0	         0	         0	         0	         0	         0	        50	         0
         0	         0	         0	         0	        50	         0	         0	         0	         0
         0	         0	         0	         0	        50	         0	         0	         0	         0
         0	         0	         0	         0	        50	         0	         0	         0	         0
         0	         0	         0	         0	        50	         0	         0	         0	         0
         0	         0	         0	         0	        50	         0	         0	         0	         0
         0	         0	         0	         0	        50	         0	         0	         0	         0
         0	         0	         0	         0	        50	         0	         0	         0	         0
         0	         0	         0	         0	        50	         0	         0	         0	         0
         0	         0	         0	         0	         0	        50	         0	         0	         0
         0	         0	        50	         0	         0	         0	         0	         0	         0
         0	         0	        50	         0	         0	         0	         0	         0	         0
         0	         1	         0	         0	        49	         0	         0	         0	         0
         0	         1	         0	         0	        49	         0	         0	         0	         0
         0	         1	         0	         0	        49	         0	         0	         0	         0
         0	         0	         0	         0	        50	         0	         0	         0	         0
         0	         1	         0	         0	        49	         0	         0	         0	         0
         0	         0	         0	         0	         1	         0	         0	        49	         0
         0	         0	         0	         0	         0	         0	         4	        46	         0
         0	         0	         0	         0	        50	         0	         0	         0	         0
         0	         0	         0	         0	        50	         0	         0	         0	         0
         0	         0	         0	         0	        50	         0	         0	         0	         0
         0	         0	         0	         0	        50	         0	         0	         0	         0
         0	         0	         0	         0	        50	         0	         0	         0	         0
         0	         0	         1	         0	         0	        49	         0	         0	         0
         0	         0	         0	         0	         0	         0	         0	        50	         0
         0	         0	         0	         0	         0	         0	         0	        50	         0
         0	         0	         0	         0	        50	         0	         0	         0	         0
         0	         0	         0	         0	         0	         0	         0	        50	         0
         0	         0	         0	         0	        50	         0	         0	         0	         0
         0	         0	         0	         0	        50	         0	         0	         0	         0
         0	         0	         0	         0	        50	         0	         0	         0	         0
         0	         0	         0	         0	        50	         0	         0	         0	         0
         0	         0	         0	         0	        50	         0	         0	         0	         0
         0	         0	         0	         0	         1	         0	         0	        49	         0
         0	         0	         0	         0	        50	         0	         0	         0	         0
         0	         0	         0	         0	        50	         0	         0	         0	         0
         0	         0	         0	         0	         6	         0	         0	        44	         0
         0	         0	         0	         0	        50	         0	         0	         0	         0
         0	         0	         0	         0	        50	         0	         0	         0	         0
         0	         0	         0	         1	        49	         0	         0	         0	         0
         0	         0	         0	         0	         0	         0	         0	        50	         0
         0	         0	         0	         0	         0	         0	         1	        49	         0
         0	         0	         0	         0	        50	         0	         0	         0	         0
         0	         0	         0	         0	        50	         0	         0	         0	         0
         0	         0	         0	         0	        50	         0	         0	         0	         0
         0	         0	         0	         0	        50	         0	         0	         0	         0
         0	         0	         0	         0	        50	         0	         0	         0	         0
         0	         0	         0	         0	        50	         0	         0	         0	         0
         0	         0	         0	         0	         1	         0	         0	        49	         0
         0	         0	         0	         0	        50	         0	         0	         0	         0
         0	         0	         0	         0	        50	         0	         0	         0	         0
         0	         0	         0	         0	        50	         0	         0	         0	         0
         0	         0	         0	         0	        50	         0	         0	         0	         0
         0	         0	         0	         0	         0	         0	         0	        50	         0
         0	         0	         0	         0	        50	         0	         0	         0	         0
         0	         0	         0	         0	         0	         0	         0	        50	         0
         0	         0	         0	         0	         0	         0	         0	        50	         0
         0	         0	         0	         0	        50	         0	         0	         0	         0
         0	         0	         0	         0	        50	         0	         0	         0	         0
         0	         0	         0	         0	        50	         0	         0	         0	         0
         0	         1	         0	         0	        49	         0	         0	         0	         0
         0	         0	         0	         0	        50	         0	         0	         0	         0
         0	         0	         0	         0	        50	         0	         0	         0	         0
         0	         0	         0	         0	         0	         0	         0	        50	         0
         0	         0	         0	         0	        50	         0	         0	         0	         0
         0	         0	         0	         0	        50	         0	         0	         0	         0
         0	         0	         0	         0	        50	         0	         0	         0	         0
         0	         0	         0	         0	        50	         0	         0	         0	         0
         0	         0	         0	         0	        50	         0	         0	         0	         0
         0	         0	         0	         0	        50	         0	         0	         0	         0
         0	         0	         0	         0	        50	         0	         0	         0	         0
         0	         0	         0	         0	         0	         0	         0	        50	         0
         0	         0	         0	         0	        50	         0	         0	         0	         0
         0	         0	         0	         0	        50	         0	         0	         0	         0
         0	         0	         0	         0	        50	         0	         0	         0	         0
         0	         0	         0	         0	        50	         0	         0	         0	         0
         0	         0	         0	         0	        50	         0	         0	         0	         0
         0	         0	         0	         0	        50	         0	         0	         0	         0
         0	         0	         0	         0	        50	         0	         0	         0	         0
         0	         0	         0	         0	         0	         0	         0	        50	         0
         0	         0	         0	         0	         0	         0	         0	        50	         0
         0	         0	         0	         0	        50	         0	         0	         0	         0
         0	         0	         0	         0	         0	         0	         0	        50	         0
         0	         0	         0	         0	         0	         0	         0	        50	         0
         0	         0	         0	         0	        50	         0	         0	         0	         0
         0	         0	         0	         0	         0	         0	         0	        50	         0
         0	         1	         0	         1	        48	         0	         0	         0	         0
         0	         0	         0	         0	         0	         0	         0	        50	         0
         0	         0	        50	         0	         0	         0	         0	         0	         0
         0	         0	         0	         0	        50	         0	         0	         0	         0
         0	         0	         0	         1	        49	         0	         0	         0	         0
         0	         0	         0	         1	        49	         0	         0	         0	         0
         0	         0	         0	         0	        50	         0	         0	         0	         0
         0	         0	         0	         0	        50	         0	         0	         0	         0
         0	         0	         0	         0	        50	         0	         0	         0	         0
         0	         1	         0	         0	         0	         0	         0	        49	         0
         0	         0	         0	         0	         0	         0	         0	        50	         0
         0	         0	         0	         0	        50	         0	         0	         0	         0
         0	         0	         0	         0	         2	         0	         0	        48	         0
         0	         0	         0	         0	        50	         0	         0	         0	         0
         0	         0	         0	         0	        40	         0	         0	        10	         0
         0	         0	         0	         0	        50	         0	         0	         0	         0
         0	         0	         0	         0	        50	         0	         0	         0	         0
         0	         0	         0	         0	        50	         0	         0	         0	         0
         0	         0	         0	         0	        50	         0	         0	         0	         0
         0	         0	         0	         0	        50	         0	         0	         0	         0
         0	         0	         0	         0	        50	         0	         0	         0	         0
         0	         0	         0	         0	        50	         0	         0	         0	         0
         0	         0	         0	         0	        50	         0	         0	         0	         0
         0	         0	         0	         0	         0	         0	         0	        50	         0
         0	         0	         0	         1	        49	         0	         0	         0	         0
         0	         0	         0	         0	        50	         0	         0	         0	         0
         0	         0	         0	         0	        50	         0	         0	         0	         0
         0	         0	         0	         0	        50	         0	         0	         0	         0
         0	         0	         0	         0	        50	         0	         0	         0	         0
         0	         0	         0	         0	        50	         0	         0	         0	         0
         0	         0	         0	         0	        50	         0	         0	         0	         0
         0	         0	         0	         0	        50	         0	         0	         0	         0
         0	         0	         0	         0	        50	         0	         0	         0	         0
         0	         0	         0	         0	        50	         0	         0	         0	         0
         0	         0	         0	         0	        50	         0	         0	         0	         0
         0	         0	         0	         1	        49	         0	         0	         0	         0
         0	         0	         0	         0	        50	         0	         0	         0	         0
         0	         0	         0	         0	        50	         0	         0	         0	         0
         0	         0	         0	         0	        50	         0	         0	         0	         0
         0	         0	         0	         0	        50	         0	         0	         0	         0
         0	         0	         0	         0	        50	         0	         0	         0	         0
         0	         0	         0	         0	        50	         0	         0	         0	         0
         0	         1	        49	         0	         0	         0	         0	         0	         0
         0	         0	         0	         0	         0	         0	         0	        50	         0
         0	         0	         0	         0	        50	         0	         0	         0	         0
         0	         0	         0	         0	         0	         0	         0	        50	         0
         0	         0	         0	         0	        50	         0	         0	         0	         0
         0	         0	         0	         0	        50	         0	         0	         0	         0
         0	         0	         0	         0	        50	         0	         0	         0	         0
         0	         0	         0	         0	        50	         0	         0	         0	         0
         0	         0	         0	         0	        50	         0	         0	         0	         0
         0	         0	         0	         0	         0	         0	         1	        49	         0
         0	         0	         0	         0	        50	         0	         0	         0	         0
         0	         0	        50	         0	         0	         0	         0	         0	         0
         0	         0	         0	         0	        50	         0	         0	         0	         0
         0	         0	         0	         0	        50	         0	         0	         0	         0
         0	         0	         0	         0	        50	         0	         0	         0	         0
         0	         0	         0	         0	         0	         0	         0	        50	         0
         0	         0	         0	         0	        50	         0	         0	         0	         0
         0	         0	         0	         0	        50	         0	         0	         0	         0
         0	         0	         0	         0	         0	         0	         0	        50	         0
         0	         1	         0	         0	        49	         0	         0	         0	         0
         0	         0	         0	         0	        50	         0	         0	         0	         0
         0	         0	         0	         0	         0	         0	         0	        50	         0
         0	         0	         0	         0	        50	         0	         0	         0	         0
         0	         0	         0	         0	        50	         0	         0	         0	         0
         0	         0	         0	         0	        50	         0	         0	         0	         0
         0	         0	         0	         0	         0	         0	         0	        50	         0
         0	         0	         0	         0	        50	         0	         0	         0	         0
         0	         0	         0	         0	        50	         0	         0	         0	         0
         0	         0	         0	         0	        50	         0	         0	         0	         0
         0	         0	         0	         0	        50	         0	         0	         0	         0
         0	         0	         0	         0	         0	         0	         0	        50	         0
         0	         0	         0	         0	         0	         0	         0	        50	         0
         0	         0	         0	         0	        50	         0	         0	         0	         0
         0	         0	         0	         0	         0	         0	         0	        50	         0
         0	         0	         0	         0	        50	         0	         0	         0	         0
         0	         0	         0	         0	         0	         0	         0	        50	         0
         0	         0	         0	         0	         0	         0	         0	        50	         0
         0	         0	         0	         0	        50	         0	         0	         0	         0
         0	         0	         0	         0	        50	         0	         0	         0	         0
         0	         0	         0	         0	        50	         0	         0	         0	         0
         0	         0	         0	         0	        50	         0	         0	         0	         0
         0	         0	         0	         0	        50	         0	         0	         0	         0
         0	         0	         0	         0	        50	         0	         0	         0	         0
         0	         0	         0	         0	        50	         0	         0	         0	         0
         0	         0	         0	         0	        50	         0	         0	         0	         0
         0	         1	         0	         0	        49	         0	         0	         0	         0
         0	         0	         0	         0	         0	         0	         0	        50	         0
         0	         0	         0	         0	        50	         0	         0	         0	         0
         0	         0	         0	         0	         1	         0	         0	        49	         0
         0	         0	         0	         0	        50	         0	         0	         0	         0
         0	         0	         0	         0	        50	         0	         0	         0	         0
         0	         0	         0	         0	        50	         0	         0	         0	         0
         0	         0	         0	         0	        20	         0	         0	        30	         0
         0	         0	         0	         0	        50	         0	         0	         0	         0
         0	         0	         0	         0	        50	         0	         0	         0	         0
         0	         0	         0	         0	        50	         0	         0	         0	         0
         0	         0	         0	         0	        50	         0	         0	         0	         0
         0	         1	         0	         0	        49	         0	         0	         0	         0
         0	         0	         0	         0	        50	         0	         0	         0	         0
         0	         0	         0	         0	        50	         0	         0	         0	         0
         0	         0	         0	         0	        50	         0	         0	         0	         0
         0	         0	         0	         0	         0	         0	         0	        50	         0
         0	         0	         0	         0	         0	         0	         0	        50	         0
         0	         0	         0	         0	         0	         0	         0	        50	         0
         0	         0	         0	         0	        50	         0	         0	         0	         0
         0	         0	         0	         0	        50	         0	         0	         0	         0
         0	         0	         0	         0	        50	         0	         0	         0	         0
         0	         0	         0	         0	         0	         0	         0	        50	         0
         0	         0	        27	         0	         0	        23	         0	         0	         0
         0	         1	         0	         0	         0	         0	         0	        49	         0
         0	         0	         0	         0	        50	         0	         0	         0	         0
         0	         0	         0	         1	        49	         0	         0	         0	         0
         0	         0	         0	         0	        50	         0	         0	         0	         0
         0	         0	         0	         0	         2	         0	         0	        48	         0
         0	         0	         0	         0	        50	         0	         0	         0	         0
         0	         0	         0	         0	         0	         0	         1	        49	         0
         0	         0	        50	         0	         0	         0	         0	         0	         0
         0	         0	         0	         0	        50	         0	         0	         0	         0
         0	         0	         0	         0	        50	         0	         0	         0	         0
         0	         0	         0	         0	         0	         0	         0	        50	         0
         0	         0	         0	         0	        50	         0	         0	         0	         0
         0	         0	         0	         0	        50	         0	         0	         0	         0
         0	         0	         0	         0	        50	         0	         0	         0	         0
         0	         0	         0	         0	         0	         0	         2	        48	         0
         0	         0	         0	         1	        49	         0	         0	         0	         0
         0	         0	         0	         1	        49	         0	         0	         0	         0
         0	         0	        50	         0	         0	         0	         0	         0	         0
         0	         1	         0	         0	        49	         0	         0	         0	         0
         0	         0	         0	         0	        50	         0	         0	         0	         0
         0	         0	         0	         0	        50	         0	         0	         0	         0
         0	         0	         0	         0	        50	         0	         0	         0	         0
         0	         0	         0	         0	        50	         0	         0	         0	         0
         0	         0	         0	         0	         4	         0	         3	        43	         0
         0	         0	         0	         0	         1	         0	         0	        49	         0
         0	         0	         0	         0	        50	         0	         0	         0	         0
         0	         1	         0	         0	        49	         0	         0	         0	         0
         0	         0	         0	         0	        50	         0	         0	         0	         0
         0	         0	         0	         0	        50	         0	         0	         0	         0
         0	         0	         0	         0	        50	         0	         0	         0	         0
         0	         0	         0	         0	        50	         0	         0	         0	         0
         0	         0	         0	         0	        50	         0	         0	         0	         0
         0	         0	         0	         0	        50	         0	         0	         0	         0
         1	         0	         0	         0	         0	         0	         2	        47	         0
         0	         0	         0	         0	        50	         0	         0	         0	         0
         0	         0	        43	         0	         0	         7	         0	         0	         0
         0	         0	         0	         0	        50	         0	         0	         0	         0
         0	         0	         0	         0	        50	         0	         0	         0	         0
         0	         0	         0	         0	         0	         0	         0	        50	         0
         0	         0	         0	         0	         0	         0	         0	        50	         0
         0	         0	         0	         0	         1	         0	         0	        49	         0
