         0	         0	         0	         0	       100	         0	         0	         0	         0
         0	         0	         0	         0	       100	         0	         0	         0	         0
         0	         0	         0	         0	       100	         0	         0	         0	         0
         0	         1	         0	         0	        99	         0	         0	         0	         0
         0	         0	         0	         0	         0	         0	         2	        98	         0
         0	         1	         0	         0	         0	         0	         0	        99	         0
         0	         0	         0	         0	       100	         0	         0	         0	         0
         0	         0	         0	         0	         0	         0	         0	       100	         0
         0	         0	         0	         0	       100	         0	         0	         0	         0
         0	         0	         0	         0	       100	         0	         0	         0	         0
         0	         0	         0	         0	         0	         0	         0	       100	         0
         0	         0	         0	         0	        95	         0	         0	         5	         0
         0	         0	         0	         0	         0	         0	         0	       100	         0
         0	         1	         0	         0	         0	         0	         0	        99	         0
         0	         0	         0	         0	         0	         0	         0	       100	         0
         0	         1	         0	         0	        99	         0	         0	         0	         0
         0	         0	         0	         0	         0	         0	         0	       100	         0
         0	         0	         0	         0	        32	         0	         0	        68	         0
         0	         0	       100	         0	         0	         0	         0	         0	         0
         0	         0	         0	         0	        26	         0	         2	        72	         0
         0	         0	         0	         0	       100	         0	         0	         0	         0
         0	         0	         0	         0	         4	         0	         0	        96	         0
         0	         0	         0	         0	       100	         0	         0	         0	         0
         0	         0	         1	         0	         0	        99	         0	         0	         0
         0	         0	       100	         0	         0	         0	         0	         0	         0
         0	         0	         0	         0	         0	         0	         0	       100	         0
         0	         1	         0	         0	         0	         0	         0	        99	         0
         0	         1	         0	         0	         0	         0	         0	        99	         0
         0	         0	         0	         0	         0	         0	         0	       100	         0
         0	         0	         0	         0	       100	         0	         0	         0	         0
         0	         0	         0	         0	       100	         0	         0	         0	         0
         0	         1	         0	         0	        99	         0	         0	         0	         0
         0	         0	         0	         1	        99	         0	         0	         0	         0
         0	         0	       100	         0	         0	         0	         0	         0	         0
         0	         1	         0	         0	         2	         0	         0	        97	         0
         0	         0	         0	         0	       100	         0	         0	         0	         0
         0	         0	       100	         0	         0	         0	         0	         0	         0
         0	         0	         0	         0	         0	         0	         0	       100	         0
         0	         0	         0	         1	        99	         0	         0	         0	         0
         0	         0	         0	         0	       100	         0	         0	         0	         0
         0	         0	         0	         0	       100	         0	         0	         0	         0
         0	         0	         0	         0	       100	         0	         0	         0	         0
         0	         0	       100	         0	         0	         0	         0	         0	         0
         0	         0	         0	         0	       100	         0	         0	         0	         0
         0	         0	         0	         0	       100	         0	         0	         0	         0
         0	         0	         0	         2	        98	         0	         0	         0	         0
         0	         0	         0	         0	         0	         0	         0	       100	         0
         0	         0	         0	         0	         0	         0	         0	       100	         0
         0	         0	         0	         0	         0	         0	         0	       100	         0
         0	         0	         0	         0	         0	         0	         0	       100	         0
         0	         0	         0	         0	       100	         0	         0	         0	         0
         0	         0	         0	         0	       100	         0	         0	         0	         0
         0	         0	         0	         0	       100	         0	         0	         0	         0
         0	         0	         0	         0	        93	         0	         0	         7	         0
         0	         1	         0	         0	         0	         0	         0	        99	         0
         0	         0	         0	         0	       100	         0	         0	         0	         0
         0	         0	         0	         0	       100	         0	         0	         0	         0
         0	         0	         0	         0	       100	         0	         0	         0	         0
         0	         0	         0	         0	         0	         0	         0	       100	         0
         0	         0	         0	         0	       100	         0	         0	         0	         0
         0	         0	         0	         0	        99	         0	         0	         1	         0
         0	         1	         0	         0	         0	         0	         0	        99	         0
         0	         0	         0	         0	       100	         0	         0	         0	         0
         0	         0	         0	         3	        97	         0	         0	         0	         0
         0	         0	         0	         0	       100	         0	         0	         0	         0
         0	         0	         0	         0	       100	         0	         0	         0	         0
         0	         0	         0	         0	         0	         0	         0	       100	         0
         0	         0	         0	         0	         0	         0	         0	       100	         0
         0	         0	         0	         0	       100	         0	         0	         0	         0
         0	         0	         0	         0	         0	         0	         0	       100	         0
         0	         2	         0	         0	        98	         0	         0	         0	         0
         0	         0	         0	         0	         0	         0	         0	       100	         0
         0	         1	         0	         0	        93	         6	         0	         0	         0
         0	         1	         0	         0	         1	         0	         0	        98	         0
         0	         0	       100	         0	         0	         0	         0	         0	         0
         0	         0	         0	         0	       100	         0	         0	         0	         0
         0	         0	         0	         0	         0	         0	         0	       100	         0
         0	         1	         0	         0	         0	         0	         0	        99	         0
         0	         0	         0	         0	         3	         0	         0	        97	         0
         0	         0	         0	         1	        99	         0	         0	         0	         0
         0	         0	         0	         0	         0	         0	         2	        98	         0
         0	         0	         0	         0	       100	         0	         0	         0	         0
         0	         1	         0	         0	         2	         0	         2	        95	         0
         0	         0	         0	         0	         0	         0	         0	       100	         0
         0	         0	         0	         0	         0	         0	         0	       100	         0
         0	         0	         0	         0	       100	         0	         0	         0	         0
         0	         1	         0	         0	         2	         0	         1	        96	         0
         0	         0	         0	         0	         0	         0	         2	        98	         0
         0	         0	         0	         0	        74	         0	         0	        26	         0
         0	         0	       100	         0	         0	         0	         0	         0	         0
         0	         0	       100	         0	         0	         0	         0	         0	         0
         0	         0	         0	         0	         0	         0	         0	       100	         0
         0	         1	         0	         0	         0	         0	         0	        99	         0
         0	         0	         0	         0	         1	         0	         0	        99	         0
         0	         1	         0	         0	         0	         0	         0	        99	         0
         0	         0	         0	         0	         0	         0	         0	       100	         0
         0	         0	         0	         0	         0	         0	         0	       100	         0
         0	         0	         0	         0	       100	         0	         0	         0	         0
         0	         0	         0	         0	       100	         0	         0	         0	         0
         0	         0	         0	         0	         0	         0	         0	       100	         0
         0	         0	         0	         0	       100	         0	         0	         0	         0
         0	         0	       100	         0	         0	         0	         0	         0	         0
         0	         0	         0	         0	       100	         0	         0	         0	         0
         0	         0	         0	         0	        19	         0	         0	        81	         0
         0	         0	         0	         0	       100	         0	         0	         0	         0
         0	         1	         0	         0	        29	         0	         0	        70	         0
         0	         0	         0	         0	       100	         0	         0	         0	         0
         0	         0	         0	         0	         0	         0	         0	       100	         0
         0	         0	         0	         0	       100	         0	         0	         0	         0
         0	         0	         0	         0	       100	         0	         0	         0	         0
         0	         0	         0	         0	       100	         0	         0	         0	         0
         0	         0	         0	         0	         0	         0	         0	       100	         0
         0	         0	         0	         0	        98	         0	         0	         2	         0
         0	         0	         0	         0	         0	         0	         0	       100	         0
         0	         1	         0	         0	        99	         0	         0	         0	         0
         0	         0	         0	         0	         0	       100	         0	         0	         0
         0	         1	         0	         0	        99	         0	         0	         0	         0
         0	         0	         0	         0	         0	         0	         0	       100	         0
         0	         0	         0	         0	         0	         0	         0	       100	         0
         0	         0	         0	         0	       100	         0	         0	         0	         0
         0	         0	         0	         0	         0	         0	         0	       100	         0
         0	         0	         0	         0	         0	         0	         0	       100	         0
         0	         0	         0	         0	       100	         0	         0	         0	         0
         0	         0	         0	         0	         0	         0	         0	       100	         0
         0	         0	         0	         0	         0	         0	         0	       100	         0
         0	         0	         0	         0	         1	         0	         1	        98	         0
         0	         0	         0	         1	        99	         0	         0	         0	         0
         0	         0	         0	         0	         1	         0	         0	        99	         0
         0	         1	         0	         0	         6	         0	         7	        86	         0
         0	         0	         0	         1	        99	         0	         0	         0	         0
         0	         1	         0	         0	        99	         0	         0	         0	         0
         0	         0	         0	         0	         3	         0	         0	        97	         0
         0	         0	         0	         0	         1	         0	         1	        98	         0
         0	         0	         0	         0	         0	         0	         0	       100	         0
         0	         0	         0	         0	         0	         0	         0	       100	         0
         0	         0	         0	         0	         0	         0	         0	       100	         0
         0	         0	         0	         2	        98	         0	         0	         0	         0
         0	         0	         0	         0	         0	         0	         0	       100	         0
         0	         0	         0	         0	       100	         0	         0	         0	         0
         0	         0	         0	         0	         0	         0	         0	       100	         0
         0	         0	        56	         0	         0	        44	         0	         0	         0
         0	         0	         0	         0	       100	         0	         0	         0	         0
         0	         0	       100	         0	         0	         0	         0	         0	         0
         0	         0	         0	         0	         0	         0	         0	       100	         0
         0	         3	         0	         0	        97	         0	         0	         0	         0
         0	         0	         0	         0	       100	         0	         0	         0	         0
         0	         0	         0	         0	         0	         0	         0	       100	         0
         0	         1	         0	         2	        93	         0	         0	         4	         0
         0	         0	         0	         0	         0	         0	         0	       100	         0
         0	         0	         0	         0	         1	         0	         0	        99	         0
         0	         0	         0	         1	        99	         0	         0	         0	         0
         0	         0	         0	         0	       100	         0	         0	         0	         0
         0	         0	       100	         0	         0	         0	         0	         0	         0
         0	         0	         0	         0	       100	         0	         0	         0	         0
         0	         1	         0	         0	         0	         0	         0	        99	         0
         0	         0	         0	         0	         2	        21	         2	         0	        75
         0	         0	         0	         0	         1	         0	         0	        99	         0
         0	         1	         0	         0	        99	         0	         0	         0	         0
         0	         0	         0	         1	        99	         0	         0	         0	         0
         0	         0	         0	         0	       100	         0	         0	         0	         0
         0	         1	         0	         0	         0	         0	         0	        99	         0
         0	         0	         0	         0	       100	         0	         0	         0	         0
         1	         0	         0	         0	         0	         0	         1	        98	         0
         0	         0	         0	         0	       100	         0	         0	         0	         0
         0	         0	         0	         0	         3	         0	         0	        97	         0
         0	         0	         0	         0	       100	         0	         0	         0	         0
         0	         1	         0	         0	        99	         0	         0	         0	         0
         0	         0	         0	         0	         1	         0	         0	        99	         0
         0	         0	         0	         0	         0	         0	         0	       100	         0
         0	         0	         0	         0	         1	         0	         0	        99	         0
         0	         0	         0	         0	       100	         0	         0	         0	         0
         0	         0	         0	         0	         0	         0	         0	       100	         0
         0	         0	         0	         0	         0	         0	         0	       100	         0
         0	         0	         0	         0	         2	         0	         0	        98	         0
         0	         0	         0	         0	       100	         0	         0	         0	         0
         0	         0	         0	         0	       100	         0	         0	         0	         0
         0	         0	         0	         0	       100	         0	         0	         0	         0
         0	         0	         0	         0	       100	         0	         0	         0	         0
         0	         0	         0	         0	       100	         0	         0	         0	         0
         0	         0	         0	         0	         4	         0	         0	        96	         0
         0	         0	         0	         0	         0	         0	         0	       100	         0
         0	         1	         0	         0	        99	         0	         0	         0	         0
         0	         0	         0	         0	         0	         0	         0	       100	         0
         0	         0	       100	         0	         0	         0	         0	         0	         0
         0	         1	         0	         0	        99	         0	         0	         0	         0
         0	         0	         0	         0	       100	         0	         0	         0	         0
         0	         0	         0	         0	       100	         0	         0	         0	         0
         0	         0	         0	         0	       100	         0	         0	         0	         0
         0	         0	         0	         0	       100	         0	         0	         0	         0
         0	         0	         0	         0	         0	         0	         0	       100	         0
         0	         0	         0	         0	       100	         0	         0	         0	         0
         0	         0	       100	         0	         0	         0	         0	         0	         0
         0	         0	         0	         0	       100	         0	         0	         0	         0
         0	         0	         0	         0	       100	         0	         0	         0	         0
         0	         0	       100	         0	         0	         0	         0	         0	         0
         0	         0	         0	         0	         0	         0	         0	       100	         0
         0	         0	         0	         0	        96	         0	         0	         4	         0
         0	         0	         0	         0	       100	         0	         0	         0	         0
         0	         0	         0	         0	       100	         0	         0	         0	         0
         0	         0	        86	         0	         0	        14	         0	         0	         0
